0.010128487676382065, 0.02010177230834961
0.00595622792840004, 0.016984020471572877
0.002385664686560631, 0.008115814298391342
0.0015033380910754203, 0.003580335395410657
0.0020328869968652724, 0.0071894823908805845
0.0016254015490412713, 0.004950764432549477
0.0016647497899830342, 0.0059151573032140735
0.001736965224146843, 0.003816036283969879
0.002000683691352606, 0.004030416127294302
0.0012837105244398116, 0.0035164153426885604
0.0015907125622034073, 0.004100896395742893
0.0013860869109630584, 0.0036453533098101615
0.0019449883103370667, 0.004318800523877144
0.0018084571361541748, 0.003049468204379082
0.0017551015093922615, 0.003818300696089864
0.0013017946798354388, 0.0038565249145030974
0.002124002031981945, 0.004864241095259785
0.0017347660828381777, 0.005767097547650337
0.0017858704850077628, 0.0032378157936036587
0.0017057041749358177, 0.0029388221390545368
0.0016881157830357552, 0.0037559260353446007
0.0016324465572834016, 0.005402705093845725
0.0017250924408435822, 0.0047120220586657525
0.0015979024991393089, 0.005119847800582647
0.0019170292243361473, 0.005323798518627882
0.0019481687620282173, 0.004023164995014667
0.0019497933983802795, 0.0036661268919706345
0.0017295220717787742, 0.004482142254710197
0.0015876837857067584, 0.0026844314970076084
0.001765371188521385, 0.0031439860090613364
0.0016231845356523991, 0.003370591901242733
0.0018204254657030105, 0.004753354497253895
0.0019563644975423814, 0.0036893119476735592
0.00169845949113369, 0.0042392491288483145
0.0013250167518854142, 0.004192823190242052
0.0016210631877183915, 0.005240163512527943
0.0019867025688290597, 0.004236594036221504
0.0017867597416043283, 0.005683670625090599
0.0013016363717615605, 0.003339737839996815
0.002099713131785393, 0.004693596951663494
0.0019011493474245071, 0.004665023867040872
0.0014493994638323784, 0.0032926502861082554
0.0017841256335377692, 0.005406902976334095
0.0015587478429079057, 0.004034853965044022
0.0018915846273303031, 0.00274399446323514
0.0014784230589866638, 0.004419106271117926
0.0014529024437069894, 0.003969510797411204
0.0013557096943259239, 0.002433085832744837
0.0019449683874845506, 0.003389111652970314
0.0014434742629528046, 0.004306715000420808
0.0017594448924064636, 0.005341222360730171
0.0013003213703632354, 0.002095282541587949
0.001778466820716858, 0.005493973396718502
0.0015085313320159911, 0.0035592335164546965
0.0020584644004702566, 0.004331626050174236
0.0017284266874194145, 0.0037457441091537477
0.0014207971245050431, 0.0035647977665066717
0.0019472397565841674, 0.003604429833590984
0.001373342752456665, 0.002833092924207449
0.0016509447395801544, 0.005179864525794983
0.0013203673511743546, 0.006620719969272613
0.0008020423501729965, 0.003333208903670311
0.0005388686507940292, 0.003288841649889946
0.00038869281765073537, 0.003908778667449951
0.0004289795383810997, 0.004799118667840958
0.00023087240941822528, 0.0024759326800704003
0.00021260928781703114, 0.0025235744789242746
0.00014570126356557012, 0.002674821089953184
9.109728783369064e-05, 0.0014998436979949475
0.00010694070486351848, 0.0018588856682181358
6.0047231847420334e-05, 0.001046518910676241
8.445113198831677e-05, 0.002448024667799473
0.00010515497671440243, 0.002709631759673357
6.765382434241473e-05, 0.0019774988889694214
0.00016832739114761353, 0.0047224281877279286
0.0001211445014923811, 0.004141002900898457
0.00010244779963977635, 0.0023055167943239214
8.91658365726471e-05, 0.0032296324372291566
7.94628537259996e-05, 0.0034740373566746713
6.711579556576908e-05, 0.0028115171864628793
6.128759623970836e-05, 0.002048014111816883
7.060273154638708e-05, 0.003114893049001694
9.614219702780247e-05, 0.0035644323751330377
5.483561719302088e-05, 0.001465144794434309
5.947345611639321e-05, 0.0017674771677702666
6.995164672844111e-05, 0.0025239878781139853
6.055016117170453e-05, 0.002027546152472496
5.645062495023012e-05, 0.0017983991000801326
4.478249163366854e-05, 0.001773773193359375
4.9568830989301205e-05, 0.0024077902222052216
5.591850937344134e-05, 0.0020603413246572016
4.240922722965479e-05, 0.001446815576404333
5.2899246802553535e-05, 0.0027956912890076636
4.6894041122868655e-05, 0.0019256603885442018
9.694371838122606e-05, 0.005105710320174694
4.2104093823581935e-05, 0.001836251936852932
3.5637146909721196e-05, 0.00174642819724977
3.6683159647509453e-05, 0.0013285269513726235
6.350499182008207e-05, 0.002583988718688488
3.495422890409827e-05, 0.0021484405621886252
4.214645270258188e-05, 0.00269961079582572
5.340976850129664e-05, 0.0023153712870553136
2.8880900354124607e-05, 0.0014125314839184284
4.3032201938331126e-05, 0.0026419859565794466
4.377805907279253e-05, 0.002635138239711523
6.895827897824347e-05, 0.0041614768356084825
4.130614921450615e-05, 0.0027219002842903137
3.213575668632984e-05, 0.0022330156546086074
7.809557113796473e-05, 0.003801317974925041
5.776871473062784e-05, 0.003909343287348747
7.187908864580095e-05, 0.004156614247709513
7.485791109502316e-05, 0.0044176350608468055
6.91442415700294e-05, 0.004444716028869152
6.04593891184777e-05, 0.0031453269496560096
4.2755450005643066e-05, 0.0020063646622002123
4.86609956715256e-05, 0.0038212424218654634
5.094178911531344e-05, 0.0027225757874548436
3.873575513716787e-05, 0.0028838018029928207
4.336739773862064e-05, 0.002708967685699463
2.6854422059841453e-05, 0.001436147939413786
2.6985232019796967e-05, 0.0014356774743646383
2.5863232556730508e-05, 0.0015135287269949912
2.857929514721036e-05, 0.001534430630505085
4.0854769526049496e-05, 0.0028978587090969085
3.94643594045192e-05, 0.0031003017872571945
4.9638009397313e-05, 0.0034324778094887735
5.1935057854279876e-05, 0.003215218625962734
3.2484834780916575e-05, 0.0024196017310023307
3.800055623287335e-05, 0.0025919298939406873
3.0009539739694447e-05, 0.001107789458706975
2.0104255003388972e-05, 0.0015094011910259724
2.0074014435522257e-05, 0.0010823689997196198
2.035130129661411e-05, 0.0015293895751237868
2.2118176566436887e-05, 0.0016671508718281984
2.7679166058078408e-05, 0.00213227678835392
2.5210702209733426e-05, 0.002086669698357582
1.7773543717339636e-05, 0.0016551632545888425
2.6663348893634976e-05, 0.002338371085003018
2.2561049729119985e-05, 0.002178396667353809
1.928646312444471e-05, 0.0023455762173980473
2.381997075281106e-05, 0.002775022380053997
1.5764702460728586e-05, 0.0007541243955492973
2.408674277830869e-05, 0.003243596151471138
2.325944136828184e-05, 0.002854020744562149
1.552311051636934e-05, 0.001729209505021572
9.543579129967838e-06, 0.0010483281332999469
1.2810924497898669e-05, 0.0018519409261643887
1.0889828845392912e-05, 0.0013339875675737857
1.4480838755844161e-05, 0.0019800291387364268
1.3044974999502302e-05, 0.0014668204393237828
1.2659885396715253e-05, 0.000907901106402278
1.2945321795996278e-05, 0.0013869166560471057
1.4161380007863044e-05, 0.0016927115097641946
9.231529169483111e-06, 0.0014545325487852097
1.2165158696006983e-05, 0.001188905194401741
2.1158665185794233e-05, 0.0030941062718629836
2.9542118427343665e-05, 0.0037765013724565507
1.9199276342988013e-05, 0.0028446896970272064
1.1203396948985755e-05, 0.0017090306058526038
7.343038290855475e-06, 0.0010581867229193449
1.2563197466079146e-05, 0.001821721348911524
9.115954890148715e-06, 0.001223669569939375
9.254824602976442e-06, 0.0011694126911461354
1.4629731944296509e-05, 0.0019073301516473293
1.450233138166368e-05, 0.0022385883927345277
1.7488931654952468e-05, 0.002468898057937622
1.685489105875604e-05, 0.001672098696231842
2.2475590521935374e-05, 0.002207814618945122
1.18462850805372e-05, 0.0013347861915826798
1.1613021022640169e-05, 0.0015418945625424384
1.3424850476440042e-05, 0.001524059172719717
1.1033604241674766e-05, 0.0013037744332104922
8.5132057138253e-06, 0.0015187725946307182
1.0897877538809553e-05, 0.002277720347046852
2.0886604499537496e-05, 0.0033112444411963226
1.577780523803085e-05, 0.0023429027795791625
1.1679522867780178e-05, 0.0017796882800757885
1.1663830606266856e-05, 0.0017779381731525064
8.04955413332209e-06, 0.0014745661448687314
1.731260077212937e-05, 0.002572516243904829
9.849349909927696e-06, 0.0016978844664990902
