0.012137888818979264, 0.034969467878341674
0.0018664811104536056, 0.009983288004994392
0.0025980762392282487, 0.012033860795199872
0.002210474044084549, 0.005773328736424446
0.0014623191766440868, 0.0061460650861263275
0.002054598517715931, 0.008011578053236008
0.001859874077141285, 0.004998884726315737
0.002112178161740303, 0.006919033169746399
0.0016159656494855882, 0.0033861055672168732
0.0018945431187748908, 0.004348224729299546
0.001571735680103302, 0.005182556197047233
0.0018566728085279464, 0.004043503344058991
0.001865572564303875, 0.007467673860490322
0.001979732196778059, 0.006005202926695347
0.0016662063002586365, 0.005621263757348061
0.002142567180097103, 0.006108047276735306
0.0018503012619912624, 0.005754914715886116
0.001563181445002556, 0.004616707034409046
0.001919987492263317, 0.006120091430842876
0.0015718573704361916, 0.005834058098495007
0.0016185725033283234, 0.005647524297237396
0.001785905547440052, 0.0055671707987785335
0.0019648803025484086, 0.007469489157199859
0.0016443530768156052, 0.006943012177944183
0.0019090140163898468, 0.006135557770729065
0.0017121695429086685, 0.007769593521952629
0.002070888735353947, 0.006011868551373482
0.0020578984692692756, 0.006399332411587238
0.0016208801567554475, 0.0036009112112224103
0.0018020320944488047, 0.005389303535223007
0.0016507558971643448, 0.005831675190478563
0.001810352325439453, 0.005637583836913109
0.0017202268242835998, 0.00419219197332859
0.001909912295639515, 0.004989738896489143
0.0017616661936044693, 0.00851490867137909
0.0019649382531642915, 0.009994578525424003
0.001571302279829979, 0.004949931226670742
0.0018751343563199042, 0.004141956277191639
0.0014384329319000245, 0.0048552554175257685
0.001982765719294548, 0.0051607777327299115
0.0017803766131401061, 0.0060649366229772565
0.0019034179300069808, 0.00789101791381836
0.0017510950863361358, 0.005180629536509514
0.0018953036591410637, 0.005148690037429333
0.0015418903827667237, 0.004858654603362084
0.0015411740094423295, 0.003227988503873348
0.0015188253186643123, 0.003951059281826019
0.0017093220874667167, 0.006199772916734219
0.001757461480796337, 0.006650555871427059
0.001397620476782322, 0.004510971955955029
0.0015785174816846847, 0.007083276681602001
0.0016138506382703782, 0.006067049238830805
0.002138050727546215, 0.006114079065620899
0.0017808213084936143, 0.007500281915068626
0.0015590651035308838, 0.006784283332526684
0.0019077736884355544, 0.00605929309129715
0.0012425091341137886, 0.004422621194273234
0.0017521675378084182, 0.005171601012349128
0.002310848608613014, 0.005527271494269371
0.002109621122479439, 0.005501368887722492
0.0019406718201935291, 0.006608618255704642
0.0008989033065736294, 0.004974556788802147
0.0005350337065756321, 0.0045843982994556425
0.0003846197500824928, 0.006302691884338856
0.0002711306903511286, 0.005013478830456734
0.00027206243947148324, 0.007361626416444778
0.00019105797167867422, 0.005275065451860428
0.00013392314477823675, 0.0031216651350259783
7.796981651335954e-05, 0.0037877481281757353
6.375888315960766e-05, 0.0025158768706023695
3.377956920303404e-05, 0.001337802242487669
3.690734668634832e-05, 0.002001200720667839
5.5842466361355036e-05, 0.003543871909379959
5.532717588357627e-05, 0.0031313076689839362
8.111512195318937e-05, 0.003883519910275936
6.782484019640833e-05, 0.0038245600536465645
6.862760044168681e-05, 0.0035840294435620307
3.5066545358859e-05, 0.0016115912403911353
2.5369177805259825e-05, 0.0015825347732752561
3.464624471962452e-05, 0.002359704874455929
2.4378545233048498e-05, 0.001920130081474781
2.7815337060019375e-05, 0.0018885533809661866
3.864828229416162e-05, 0.0025438066720962524
2.562320663128048e-05, 0.0018969234004616738
2.7246014564298094e-05, 0.0013860466927289963
2.593850693665445e-05, 0.001412947241216898
2.4216333171352743e-05, 0.0013388848714530467
2.6195921236649156e-05, 0.002341393645852804
2.4534614291042088e-05, 0.0017158948816359044
2.1414885355625302e-05, 0.0013369688410311937
1.869669128791429e-05, 0.0011412254199385642
3.390882071107626e-05, 0.0020434311274439097
5.190916210995056e-05, 0.0037286114860326054
3.6969801294617354e-05, 0.0020613034293055534
3.5150237090419977e-05, 0.0024595925621688367
2.030199213186279e-05, 0.002038649844005704
2.9374627629294992e-05, 0.0028267128020524977
4.245718673337251e-05, 0.0037153407465666533
5.1246213377453385e-05, 0.004095038369297982
4.036123579135165e-05, 0.0031462815925478935
2.2488350863568483e-05, 0.0016804166883230209
3.621032738010399e-05, 0.003142159625887871
2.9874874860979616e-05, 0.0026052693258970974
1.62368981691543e-05, 0.0013497088253498078
3.052674455102533e-05, 0.0027640972845256327
2.7350511751137673e-05, 0.0025864713937044145
1.825405642739497e-05, 0.0014337668307125568
1.316350162960589e-05, 0.0010099987406283616
1.1238590348511934e-05, 0.0007720385901629924
1.5106141800060869e-05, 0.000977258250117302
1.420141977723688e-05, 0.0016410463750362396
9.753362101037054e-06, 0.0010695068016648292
2.3473974666558207e-05, 0.002373887337744236
1.9921941799111664e-05, 0.00225405939668417
1.4596671535400674e-05, 0.0012260868744924664
1.0543914453592151e-05, 0.0011486278176307677
2.475948352366686e-05, 0.0023156159073114396
2.0189353148452937e-05, 0.002201340006664395
2.313655649777502e-05, 0.0022903305999934674
2.7503653545863925e-05, 0.003067710470408201
2.937550307251513e-05, 0.002781122200191021
2.5634892052039504e-05, 0.002443379536271095
1.871756691252813e-05, 0.0022403477989137175
2.2785568988183514e-05, 0.0023775380346924067
2.0743145694723353e-05, 0.0023107013776898382
1.8193726777099074e-05, 0.0018556164521723985
2.0667926000896842e-05, 0.0024640425629913806
1.7881218809634447e-05, 0.0020354799795895815
1.1886181513546035e-05, 0.0010053653307259083
1.0289101977832616e-05, 0.0013963342756032945
1.20486899104435e-05, 0.001250476977787912
1.9513823557645082e-05, 0.001711825679987669
4.15244169998914e-05, 0.00378288122266531
3.827394882682711e-05, 0.0037785804644227027
1.2452542112441733e-05, 0.001348073996603489
1.4019756868947298e-05, 0.0015077899061143399
1.493778865551576e-05, 0.001732464499771595
1.0513793211430311e-05, 0.0012909900788217782
1.8193903379142285e-05, 0.0022112449556589125
1.189784231246449e-05, 0.001464058481156826
9.323429956566542e-06, 0.0010394800063222647
1.4986410969868302e-05, 0.0016890305317938327
2.227661502547562e-05, 0.0024532315488904714
6.645228990237228e-06, 0.0008538879370316863
9.71936114365235e-06, 0.0009523581583052873
8.743709273403511e-06, 0.001140615936368704
7.100926653947681e-06, 0.0009360520392656327
7.571858324809e-06, 0.0011086402721703053
9.365284713567234e-06, 0.0009892238341271877
7.395614506094717e-06, 0.0009771577352657914
5.095450193039141e-06, 0.0007010701159015298
1.8578728653665167e-05, 0.0020913743395358326
1.3005017302930356e-05, 0.0018866712152957915
8.30996411968954e-06, 0.0012424766607582569
9.212339704390615e-06, 0.0009284024089574814
9.506279428023844e-06, 0.0015385590121150016
9.347070968942717e-06, 0.0013097538240253925
1.9231846614275127e-05, 0.0026995531134307383
6.791325780795887e-06, 0.0009806686462834478
5.591923225438222e-06, 0.0008143564565107227
7.910912769148126e-06, 0.0011122923269867896
5.893903464311734e-06, 0.000917866887524724
1.408630341757089e-05, 0.0017520526945590973
2.524600806646049e-05, 0.0032785795256495475
1.3457940251100808e-05, 0.002150329530239105
4.945593260345049e-06, 0.0008781099654734134
6.61862404376734e-06, 0.0008375682337209582
7.844838721212e-06, 0.001271504580974579
1.72053373826202e-05, 0.0012968949750065803
5.704060284188017e-06, 0.0009721296112984418
1.0000723705161363e-05, 0.001656445786356926
6.629340932704509e-06, 0.0010948496032506228
5.071661609690636e-06, 0.0007185203563421965
6.265881151193753e-06, 0.0008711639922112227
6.5086075046565386e-06, 0.0008334163678810001
6.09167871880345e-06, 0.0012676500231027603
8.792622698820196e-06, 0.0012067952416837215
1.2221790122566745e-05, 0.0022513055130839346
1.1401696450775488e-05, 0.0018614026121795176
2.7137028955621644e-05, 0.002214138798415661
1.5159705828409642e-05, 0.0021587617099285126
