0.01173231840133667, 0.032542301177978517
0.0021206229478120805, 0.009290492840111256
0.0016891917809844018, 0.008212711602449418
0.0017001782283186913, 0.0032293322645127773
0.002462589904665947, 0.005109445966780186
0.0014955822676420213, 0.00423269809782505
0.001391613621264696, 0.0038027643607929347
0.0016647549793124198, 0.004359006343409419
0.001630037561058998, 0.006097465723752976
0.0016128343045711518, 0.004363156694918871
0.001523463100194931, 0.004768651563674211
0.0015553360022604466, 0.004262830195948482
0.0015412102043628692, 0.0056669749543070795
0.0017395312264561653, 0.002929159109480679
0.0016168414354324342, 0.003936608836054802
0.0019232884123921395, 0.00441025448217988
0.0015419887229800224, 0.004617773244157433
0.0016274682506918906, 0.0074316121935844425
0.0020732287019491194, 0.005658895133063197
0.0013851489201188087, 0.0033157155215740204
0.0013888883888721465, 0.0038164359014481305
0.001853179544210434, 0.005824393533170223
0.0016308318339288235, 0.0038381971046328543
0.0012786047048866749, 0.00483480966091156
0.0021412434801459314, 0.006447432100772857
0.0016292506381869315, 0.005960575342178345
0.00235656675696373, 0.004746233865618706
0.0015749113261699676, 0.004522227361798287
0.001567057229578495, 0.002155687146820128
0.002078313324600458, 0.003188745565712452
0.0018337791040539742, 0.004065925106406212
0.0014585839211940766, 0.004193237394094467
0.001496833484619856, 0.004658082513138652
0.0016839905977249145, 0.004115127608180046
0.0020481704734265803, 0.0059759789891541005
0.0017488214820623397, 0.004554243639111519
0.0015702668055891991, 0.004359103893861175
0.0013230059444904328, 0.004016402161680162
0.0020207960307598114, 0.005267936022952199
0.0019371817260980606, 0.0057838950920850035
0.0016933042146265508, 0.004819377154111862
0.0018721441477537156, 0.005277154128998518
0.001946597069501877, 0.006789614416658879
0.0014213142096996308, 0.006096434388309717
0.001844721831381321, 0.005431369798257947
0.0016352446302771567, 0.005287798851728439
0.0019114707857370377, 0.006008232668042183
0.0018608610779047012, 0.005239531576633453
0.0016883262619376183, 0.0036049958653748037
0.0014227692373096942, 0.004055044643580913
0.0015465823188424111, 0.0044998273327946665
0.0015453853867948056, 0.005261054135859013
0.0024416653364896772, 0.005545292848721147
0.0017549033612012863, 0.0037423576042056083
0.0021852832213044167, 0.005379675443284214
0.0015037238225340842, 0.0028792837522923945
0.0019345017448067665, 0.004673024279996753
0.0015518604554235935, 0.00604912967979908
0.0016590684466063976, 0.005009741553338245
0.0016181247569620608, 0.0033939825110137463
0.0015201540850102902, 0.0041110141687095165
0.00198709611594677, 0.007036756161600351
0.0016142538525164127, 0.004977896600961685
0.0018854895755648614, 0.004388093799352646
0.0013785952962934972, 0.005395466059446335
0.0015995267070829868, 0.005353865347802639
0.0016618297174572944, 0.004046944916248321
0.0014106502383947372, 0.0036812279969453813
0.0017223533913493156, 0.005985286239534616
0.0016470623537898064, 0.006318227721378207
0.0014721813015639781, 0.003515210062265396
0.0018161080628633498, 0.003984226875007152
0.0016252068728208541, 0.0052839918397367
0.0016457610428333282, 0.00398083284497261
0.001634604424238205, 0.0042038531824946405
0.0019492090567946433, 0.0038660639822483064
0.0017917364537715912, 0.00395774782076478
0.001315843114629388, 0.002819966516457498
0.0016207439750432968, 0.003545455262064934
0.0015270617306232452, 0.003932978607714176
0.0019435648173093795, 0.004829830344766378
0.0017388072535395622, 0.004071534261107445
0.0016144643276929855, 0.0044352188874036075
0.0015219176113605499, 0.003765998214483261
0.0018968337327241898, 0.005928604517132043
0.0017671731784939767, 0.003360155213624239
0.0017945055067539214, 0.003794670045375824
0.0015236505046486856, 0.004593635040335357
0.001467974618077278, 0.005704663591459393
0.001685016892850399, 0.003383667916059494
0.0018131487518548966, 0.004754485622048378
0.0016112225688993931, 0.0046156739667057994
0.0017676629275083541, 0.005480788797140122
0.0016396668031811714, 0.005651142910122872
0.0018995120972394944, 0.006189684510231018
0.0018807683140039445, 0.00390848970413208
0.0018687137067317963, 0.00498418228328228
0.0021145052909851076, 0.004437931422144175
0.0018664703443646432, 0.004348878052085638
0.0016192232705652713, 0.005081072924658656
0.0018709615115076303, 0.002746194206178188
0.001602988589555025, 0.004329688344150782
0.0016848142705857753, 0.003384879800491035
0.0017938690036535263, 0.003217190122231841
0.001688323087990284, 0.004797563746571541
0.0015981537587940692, 0.003920781621709466
0.0016630449444055557, 0.004436657823622227
0.0014263923317193985, 0.0035009213089942934
0.0016514169424772262, 0.004895568940788507
0.0020178291797637938, 0.004891496360301972
0.0019307847321033478, 0.0036845607161521913
0.002196445748209953, 0.006367599964141846
0.0016263077035546304, 0.0029012641608715055
0.0018567535728216172, 0.00476408502459526
0.0017151354402303695, 0.004395641576498747
0.0017380310818552972, 0.003460764126852155
0.0016421920657157898, 0.0027369819805026056
0.0011923549622297287, 0.003654691681265831
0.001618951253592968, 0.002732877874746919
0.00145691392198205, 0.004037499381229282
0.0018997336775064468, 0.005006248932331801
0.0016204955205321313, 0.0022961836867034435
0.0019516916200518607, 0.004580176055431366
0.0017292910814285278, 0.0032078039962798355
0.001417782463133335, 0.003382919169962406
0.0017169384881854058, 0.004698619611561298
0.0017543566524982452, 0.0042034189254045486
0.0018371737226843834, 0.002601012848317623
0.0017905263639986515, 0.003859851595014334
0.0014797112941741944, 0.003204171998426318
0.0016435331925749779, 0.0043265360891819
0.0019623587541282178, 0.004249084491282701
0.00151473531126976, 0.00297173210605979
0.0016125340759754181, 0.00454493760317564
0.0014733930677175522, 0.003234027288854122
0.0016507127732038498, 0.004236903101205826
0.0015807509869337083, 0.004165434021502734
0.0022011081501841544, 0.004003222510218621
0.0011659619137644767, 0.0030869098752737047
0.001715945716947317, 0.004280309211462736
0.0015120116472244264, 0.005093228467274457
0.0023055762350559237, 0.0034200482480227948
0.0018590088337659837, 0.005500119104981422
0.001492630034685135, 0.0028720464147627355
0.0020362476855516434, 0.0036798642706125976
0.0019355756342411042, 0.005542504861950875
0.0020156485512852667, 0.005169275939464569
0.001993144229054451, 0.006816227309405803
0.0016372254230082035, 0.005037188121117651
0.0022975952178239823, 0.0058499503172934056
0.0019076963290572165, 0.004306442447006702
0.0017277439013123513, 0.004078173503279686
0.0017321671470999717, 0.004246772930026055
0.001880123846232891, 0.002679193221498281
0.0015066662728786468, 0.003547914434224367
0.001956766739487648, 0.004966317109763622
0.0014296717569231988, 0.003644796945154667
0.0016479069516062736, 0.0036694395216181875
0.0017281575649976731, 0.003999007470905781
0.0019836300760507583, 0.0047250775620341304
0.0015845070406794548, 0.004267374113202095
0.001394609786570072, 0.004484734825789928
0.0016200226843357086, 0.004198571279644966
0.0017876444086432457, 0.003859292775392532
0.0021879651099443436, 0.004336252629756928
0.0014122160337865352, 0.001706987403333187
0.0010564086064696312, 0.001982716701924801
0.001789358638226986, 0.0029029836622066797
0.0016809997260570527, 0.0030954563543200493
0.0017130802422761918, 0.0027007406186312435
0.0018940487131476403, 0.0038657253878191114
0.001851742148399353, 0.004357537174597382
0.001415379785001278, 0.002722535404842347
0.0013888324201107025, 0.003609412834048271
0.0017787992805242537, 0.004089111432433129
0.0014236348364502192, 0.003809609420597553
0.0015990485325455665, 0.002976223461329937
0.0019369376935064794, 0.0037502187825739384
0.0014232699032872915, 0.003119794957339764
0.0016512026824057101, 0.003413489158265293
0.0018839525282382966, 0.004931935861706734
