0.002731370411813259, 0.015716591104865073
0.0016615234315395355, 0.0054216129705309864
0.002082142539322376, 0.006929283663630485
0.0020484282597899436, 0.004546915582381189
0.0017679292410612106, 0.004595479145646095
0.0015711032450199127, 0.00433188733458519
0.0015890425965189934, 0.003917298719286919
0.0014615453779697417, 0.002594192944467068
0.001743840515613556, 0.003248874492943287
0.0018743491545319558, 0.0049900756776332855
0.001970099873840809, 0.003911885803565383
0.0016859696358442306, 0.0029222746305167676
0.0012366690263152123, 0.002954625129699707
0.0011120406836271286, 0.0023621874786913396
0.0018389571011066437, 0.0040542946308851245
0.001583424773067236, 0.0021177550256252287
0.0014976234510540962, 0.003505923829972744
0.0018227640986442565, 0.00423944366723299
0.0017000596597790717, 0.003064326286315918
0.0020053090453147886, 0.0029911561608314515
0.0021833977103233337, 0.004649580851197242
0.0014043935313820838, 0.004585978247225285
0.0012144204191863537, 0.0026495158784091474
0.0019704591408371925, 0.0031793753169476985
0.0019578588604927064, 0.0034539206475019454
0.0014628296196460724, 0.0017531610606238246
0.0018594203293323516, 0.004197755668312311
0.0013301515877246857, 0.00263994237780571
0.0015278483368456363, 0.0034201568476855755
0.0014091469496488572, 0.0026183653213083745
0.0016139159575104714, 0.0024735888689756394
0.0017862984985113144, 0.0036916104182600977
0.0018909062892198563, 0.004141028724610805
0.0018991872146725654, 0.0027998519986867903
0.0017971977889537812, 0.0030461745895445347
0.0016544987969100476, 0.002101169359870255
0.0015705637559294701, 0.002822911735624075
0.0023658160269260406, 0.003180802009999752
0.001304085560142994, 0.0018568765241652727
0.0019313090294599533, 0.005145282000303269
0.0016534703504294157, 0.0026457708179950714
0.0017166199162602425, 0.002790293740108609
0.0014602831453084946, 0.0035231187976896765
0.0013206240236759185, 0.0037392351515591143
0.0011862453520298003, 0.002014804854989052
0.001637731432914734, 0.0022254063561558722
0.001403915673494339, 0.0023145266827195882
0.0019072616025805472, 0.0028874640464782715
0.0015493458211421967, 0.0030957931354641914
0.001506991483271122, 0.0037696376666426657
0.0017324648126959801, 0.004440360814332962
0.0015213736072182656, 0.003378667801618576
0.0015204461179673672, 0.002808351729996502
0.0013832281455397606, 0.002560013923794031
0.0016705501526594162, 0.003041508410125971
0.0015591970775276423, 0.003241142876446247
0.0012768866494297982, 0.0017027841787785292
0.0016433003321290017, 0.00321008226275444
0.0018011938109993935, 0.0031444003954529762
0.0017427764907479285, 0.003533878855407238
0.0016259279251098634, 0.0037059955652803183
0.0016276724897325038, 0.003571835983544588
0.0013667584508657456, 0.0017565960008651019
0.0016031336635351182, 0.002144268337637186
0.001645128346979618, 0.003079835318028927
0.001455044899135828, 0.0020576710626482963
0.001538645438849926, 0.0030905583258718254
0.0016747538447380065, 0.0032146333446726205
0.0018363113179802894, 0.0031503759883344173
0.0014144445136189461, 0.002179671246558428
0.0014759278148412706, 0.001888654044829309
0.0014863927140831947, 0.002876358315348625
0.001356818351894617, 0.0023624313585460187
0.0015983202680945397, 0.002479711543768644
0.0014809783697128296, 0.0016368310023099184
0.0014222435764968395, 0.002713629264384508
0.0019067661985754966, 0.0026212773770093916
0.0016023954078555108, 0.003498775389045477
0.0016101817488670348, 0.0033688731342554094
0.0017274782657623292, 0.0024425316862761973
0.001795148342847824, 0.0018321476895362138
0.0019194533601403236, 0.004596527606248855
0.0014474285021424294, 0.003232329286634922
0.001742760233581066, 0.0038282380402088166
0.0016231604665517807, 0.0023893138207495214
0.0023411856293678282, 0.0037904957085847855
0.0014181584231555463, 0.002872411772608757
0.001540114775300026, 0.0028871092684566975
0.002272754490375519, 0.001417231548577547
0.001613900365307927, 0.0032848436404019593
0.0014461522474884987, 0.003190349519252777
0.001187064565718174, 0.003002433054149151
0.0008631977923214436, 0.005043020248413086
0.0008502734228968621, 0.018269117772579193
0.0007111381106078624, 0.004314575783908367
0.0004055001325905323, 0.002687217101454735
0.0002731520561501384, 0.004017582640051842
0.00010728568653576076, 0.0022500954493880274
7.618756999727339e-05, 0.0018295658715069294
8.724920568056404e-05, 0.002114868797361851
5.527461529709399e-05, 0.002169877864420414
5.658941762521863e-05, 0.002983574531972408
6.006723386235535e-05, 0.0031856822185218335
5.1385929225943984e-05, 0.0026210564337670805
7.071053003892302e-05, 0.003894038677215576
6.945137633010745e-05, 0.00427735660970211
4.814767278730869e-05, 0.0032791643515229225
3.5049832134973255e-05, 0.0016587420366704464
3.3910734055098145e-05, 0.00220247483253479
3.411562496330589e-05, 0.0019766930975019933
2.7684776694513858e-05, 0.0013765996433794498
3.956228436436504e-05, 0.001407144045457244
2.711555326823145e-05, 0.002071149304509163
2.975540392799303e-05, 0.0017706760130822658
3.037664364092052e-05, 0.0025537712424993516
2.7916891849599778e-05, 0.0022775056511163713
3.326331276912242e-05, 0.002571819203905761
2.418787611532025e-05, 0.0016400718390941619
2.0063148462213576e-05, 0.001001449216157198
2.1309393749106676e-05, 0.001028860591351986
2.2383677773177625e-05, 0.0015603416170924902
1.5294784621801226e-05, 0.0009437375739216804
1.3828811148414388e-05, 0.0010615302063524722
2.059284003917128e-05, 0.0011867369115352632
1.2400603794958442e-05, 0.0012115146052092314
2.251189580420032e-05, 0.0017208968326449395
1.930133579298854e-05, 0.0016845417767763137
2.0357023109681905e-05, 0.0016513788998126983
2.0415859529748557e-05, 0.0017185738570988178
1.1347830295562744e-05, 0.0006934095900505781
1.967728487215936e-05, 0.0014710795544087888
1.916018727933988e-05, 0.001480795219540596
1.2573830841574818e-05, 0.0013682709038257599
1.2130758143030106e-05, 0.0010188160687685014
1.3336126779904589e-05, 0.001538023542612791
1.3789515505777672e-05, 0.0011858100891113282
1.2400768580846488e-05, 0.000582109714858234
1.1856737226480619e-05, 0.0007691196138039231
1.531292259460315e-05, 0.0010965677062049508
9.569121757522226e-06, 0.0006129025649279356
1.4080392458708958e-05, 0.0011460643298923968
1.1032554961275309e-05, 0.0010887297112494706
1.2191259826067836e-05, 0.0009499629065394401
8.0724653089419e-06, 0.0013931278809905052
1.7462880990933627e-05, 0.001587597468867898
1.2217148701893166e-05, 0.0012963276822119951
1.184643618762493e-05, 0.0008725743778049946
1.0014500352554024e-05, 0.0006593027077615261
1.3928747677709907e-05, 0.0013084656838327647
1.1717503482941538e-05, 0.0008994761952199042
1.3514556165318936e-05, 0.0013694581827148795
5.623390548862517e-06, 0.000446599836461246
1.1445460258983076e-05, 0.0006264267209917306
9.626865372410975e-06, 0.0009732343088835478
1.2106055743061006e-05, 0.0012594595346599818
1.372262870427221e-05, 0.0014593139216303825
1.4413003606023267e-05, 0.0012496256986632944
1.4573706721421331e-05, 0.0017761084698140622
8.81442567333579e-06, 0.000917798349633813
9.022159094456584e-06, 0.00065927654504776
1.386353647103533e-05, 0.0008280615098774433
9.917101779137739e-06, 0.0009244409222155809
1.1593149189138784e-05, 0.0016582820750772954
1.5809773409273474e-05, 0.001773342527449131
1.411064699641429e-05, 0.0014433034658432008
7.508319482440129e-06, 0.0006432445468381047
7.809881179127842e-06, 0.0009208640418946743
9.533139527775347e-06, 0.0008352884836494923
1.3148735248250887e-05, 0.0013985306546092033
6.417564320145175e-06, 0.0007559903115034103
1.1818207596661523e-05, 0.0015885740276426078
7.780341169564054e-06, 0.001018206716515124
1.119521088548936e-05, 0.0010265087438747287
1.2579854228533804e-05, 0.0012172110863029957
9.03611476678634e-06, 0.0006459017414599657
5.4474227072205395e-06, 0.0005935394987463951
5.241217455477454e-06, 0.0006774945966899395
8.420250786002725e-06, 0.0008795880228281021
7.005896623013541e-06, 0.0006332777133211493
6.436436582589522e-06, 0.0007106330362148583
7.142930146073923e-06, 0.0007661874182522297
